,Unnamed: 0,dev_id,set,modulation,pkt_sent,pkt_lost,pkt_rx_power,pos_x,pos_y,pos_z
0,0,0,1,CSS,56,52,-109.63433856936751,707763.4674098574,651906.6487592906,0
1,1,1,1,CSS,54,51,-109.06258973754652,656980.5760129418,711242.3076625774,0
2,2,2,1,CSS,66,61,-109.67392774128582,687590.8905988319,731316.1496903582,0
3,3,3,1,CSS,64,62,-106.273894804534,715453.4338067113,678187.5581973286,0
4,4,4,1,CSS,73,69,-107.79731462322948,655838.5101176682,685543.6945131344,0
5,5,5,1,CSS,57,55,-109.39770756275522,726657.2990797246,673173.5967182002,0
6,6,6,1,CSS,59,58,-109.90936179914294,653742.5934513333,665221.5908200048,0
7,7,7,1,CSS,61,59,-109.57131553953526,722824.2063090545,664878.768186947,0
8,8,8,1,CSS,68,65,-110.5579212757893,716697.3963866488,651834.8302220603,0
9,9,9,1,CSS,71,69,-109.72518601366072,723069.4807861852,714854.0563148593,0
10,10,10,1,CSS,77,74,-106.99443186595866,659356.4249870301,696195.0311753198,0
11,11,11,1,CSS,51,49,-110.45203737501504,728795.5945476902,712936.0532569923,0
12,12,12,1,CSS,62,61,-108.67223611101966,652099.0179010278,687225.4559954642,0
13,13,13,1,CSS,69,63,-108.054697514833,683014.736674841,655192.7883271797,0
14,14,14,1,CSS,68,64,-110.62409364276544,656416.2002367899,722591.8536727693,0
15,15,15,1,CSS,62,60,-108.76480257343869,657916.9837666944,668549.9776105664,0
16,16,16,1,CSS,61,60,-109.71803429396113,672540.077918645,650775.7150916401,0
17,17,17,1,CSS,73,69,-108.3598128179406,705366.7608603095,721743.7874281959,0
18,18,18,1,CSS,69,68,-109.9740237516129,656357.1672247483,661256.640011839,0
19,19,19,1,CSS,69,66,-107.5097507971974,711611.3125663099,713411.8866258543,0
20,20,20,1,CSS,73,69,-108.8400231574972,703462.3821567493,724830.5725373579,0
21,21,21,1,CSS,72,68,-109.8146417549891,682141.4231509846,647405.6991928839,0
22,22,22,1,CSS,70,69,-106.4087103417644,701326.2637635334,715632.2797052593,0
23,23,23,1,CSS,53,51,-107.91000009471256,722515.6969027959,680683.5743040927,0
24,24,24,1,CSS,64,58,-107.50702611067906,663591.4147735283,709450.3377950295,0
25,25,25,1,CSS,48,46,-109.37936428116778,668764.8616814344,654515.174055973,0
26,26,26,1,CSS,61,59,-110.44936575935796,665601.0061703563,650214.5160290911,0
27,27,27,1,CSS,57,57,-110.38628575114292,718338.2316263936,724570.1622761267,0
28,28,28,1,CSS,58,55,-109.29211140528552,653668.8352598506,707680.6513179244,0
29,29,29,1,CSS,63,62,-110.22812509775343,659067.7308754855,722245.480864786,0
30,30,30,1,CSS,50,47,-107.67396567676168,708208.4839024289,661902.0586170593,0
31,31,31,1,CSS,63,62,-108.13516555891246,679215.9701807759,655787.7698743312,0
32,32,32,1,CSS,64,61,-109.7849056926981,657239.3529995385,717157.6522175025,0
33,33,33,1,CSS,61,60,-108.03740190263674,670411.9632722484,718497.3963860646,0
34,34,34,1,CSS,61,60,-108.64550917631192,723050.4163790084,705435.3450632608,0
35,35,35,1,CSS,68,66,-110.33423592790854,652452.3729830149,715532.1686007323,0
36,36,36,1,CSS,53,50,-110.4475734656373,648056.8744523156,709216.2678996846,0
37,37,37,1,CSS,56,53,-109.80278562150453,685120.8392165223,647056.1635972506,0
38,38,38,1,CSS,56,52,-109.2436404707134,722420.5073525212,666966.1424276019,0
39,39,39,1,CSS,63,60,-108.5956199927621,658996.4645536875,668257.0817876817,0
40,40,40,1,CSS,66,63,-110.75261856828962,642295.7623329896,683448.7600306531,0
41,41,41,1,CSS,72,68,-110.4286627652648,648126.0587181192,709129.8038079208,0
42,42,42,1,CSS,57,54,-107.37399616055792,659919.3641107334,676517.4205388192,0
43,43,43,1,CSS,60,57,-108.2187132883981,655568.308193908,678775.6641019552,0
44,44,44,1,CSS,60,54,-109.37549983668242,729529.9092926541,683667.080276629,0
45,45,45,1,CSS,71,69,-109.2190002687594,706503.2623422684,725358.7264493997,0
46,46,46,1,CSS,67,65,-108.46884219796829,678136.2563987933,654684.568691674,0
47,47,47,1,CSS,61,56,-109.94912120444384,646619.4919315515,682828.3181697036,0
48,48,48,1,CSS,66,65,-110.04586302871982,733007.7751173249,685412.3721427314,0
49,49,49,1,CSS,51,48,-109.20573372683678,674180.5234553909,726120.461511355,0
50,50,50,2,FHSS,31,9,-109.74027573626272,716376.0503407526,721958.2699355016,0
51,51,51,2,FHSS,46,16,-109.89954477285292,647382.4705804278,698726.1337054046,0
52,52,52,2,FHSS,29,11,-109.92598183315296,715646.4066212351,655115.4062730196,0
53,53,53,2,FHSS,25,7,-109.51021366595394,648787.1132751515,682780.2324660514,0
54,54,54,2,FHSS,36,11,-110.38565040803142,665551.1392618613,650637.8748918197,0
55,55,55,2,FHSS,37,11,-109.72799898833205,721603.4021289927,716706.515115087,0
56,56,56,2,FHSS,37,7,-108.43620247517536,686181.4359336992,653180.7122981872,0
57,57,57,2,FHSS,39,5,-110.2400067289104,710125.3295114029,729099.910442797,0
58,58,58,2,FHSS,30,8,-110.68832823631904,666816.9088050815,730784.4140325601,0
59,59,59,2,FHSS,36,13,-109.17263431086783,710693.5169538386,722796.8320026435,0
60,60,60,2,FHSS,35,9,-108.03457136035966,723910.478615821,685413.3225937478,0
61,61,61,2,FHSS,44,16,-110.26409666940344,685731.4197113382,734153.622635856,0
62,62,62,2,FHSS,39,10,-109.69379273731698,681304.1249947675,730662.652266262,0
63,63,63,2,FHSS,38,10,-108.39890939293936,723952.9083874063,678520.2781844885,0
64,64,64,2,FHSS,34,8,-109.18148470728596,680857.8019249132,728109.8354169069,0
65,65,65,2,FHSS,39,8,-108.85337135459164,651752.1238973979,695596.9607847494,0
66,66,66,2,FHSS,30,8,-109.07048483537534,704621.7397875933,653358.9167973525,0
67,67,67,2,FHSS,35,8,-110.2672686616007,731270.5034823926,673141.5153143639,0
68,68,68,2,FHSS,27,6,-107.805956130473,718639.0453897603,672379.7282138254,0
69,69,69,2,FHSS,34,7,-111.43745711226624,716122.1238667311,733310.180009841,0
70,70,70,2,FHSS,27,10,-109.93179151036723,668833.6115964688,651416.905231049,0
71,71,71,2,FHSS,37,11,-111.29076090782443,647998.243656453,660464.4926229226,0
72,72,72,2,FHSS,42,10,-110.16700842889412,697416.2423442985,733077.9392872181,0
73,73,73,2,FHSS,25,8,-111.0111111104774,640502.6583037768,688112.9976059452,0
74,74,74,2,FHSS,36,17,-110.0695862565032,645604.7712498774,692271.1653415209,0
75,75,75,2,FHSS,32,11,-109.25557146708944,714944.6736655541,658656.9085273837,0
76,76,76,2,FHSS,36,11,-107.39206444741298,666185.0035849498,711791.1966499068,0
77,77,77,2,FHSS,26,8,-109.84315625022666,647821.3087864273,679432.9897675043,0
78,78,78,2,FHSS,39,13,-108.9180600485328,650981.2476240646,688199.5249586048,0
79,79,79,2,FHSS,25,6,-108.57258710577378,673485.1426725463,656069.744630413,0
80,80,80,2,FHSS,35,7,-110.99188372444284,676460.3972631351,642342.7685766508,0
81,81,81,2,FHSS,43,12,-109.56690063951282,729759.9056783802,698818.0563977208,0
82,82,82,2,FHSS,28,6,-109.07494301877514,679839.0648168388,727372.4267254621,0
83,83,83,2,FHSS,30,4,-108.8136462180462,674380.3716769982,724300.4787896944,0
84,84,84,2,FHSS,40,7,-110.07780952923828,684524.0584699131,733079.4844058005,0
85,85,85,2,FHSS,30,12,-108.7241613880894,652414.7056010233,696121.9948215834,0
86,86,86,2,FHSS,34,11,-109.1536334262418,662430.472058964,718268.7051508984,0
87,87,87,2,FHSS,42,14,-110.53015381900777,654523.1393055003,658987.176730973,0
88,88,88,2,FHSS,33,11,-109.86419776014635,648728.4768044367,675880.3063745669,0
89,89,89,2,FHSS,30,13,-108.53292229244737,713170.4176446877,661333.4318645705,0
90,90,90,2,FHSS,35,9,-110.08478822594564,685554.6383038455,645604.0104051484,0
91,91,91,2,FHSS,37,9,-109.79870613467982,700819.8922884471,730404.5754394752,0
92,92,92,2,FHSS,35,6,-108.64680159459355,663797.6448303394,662341.4739816047,0
93,93,93,2,FHSS,31,8,-110.82759758470291,692140.4814099051,737235.8920825828,0
94,94,94,2,FHSS,34,12,-110.83156490261992,677196.0482339064,735752.8006117607,0
95,95,95,2,FHSS,49,9,-107.97334428690245,678330.1542845592,722068.6883093196,0
96,96,96,2,FHSS,31,10,-109.87120843796409,732167.7659414978,693013.2199980337,0
97,97,97,2,FHSS,43,16,-108.06996306374768,722308.3864029793,700979.3687407726,0
98,98,98,2,FHSS,36,13,-107.4366700782951,657004.0937891508,688487.6645863707,0
99,99,99,2,FHSS,46,21,-109.2999194461216,669464.061316004,654535.4840127219,0
100,100,100,2,FHSS,41,8,-109.41181752249848,729743.641384019,694850.7265210538,0
101,101,101,2,FHSS,28,10,-108.28994817815892,656061.0176812988,702334.950942521,0
102,102,102,2,FHSS,32,8,-109.29788765846996,655918.5050942467,667237.1467766142,0
103,103,103,2,FHSS,30,10,-110.1625308581013,695043.3720225596,645398.1502433755,0
104,104,104,2,FHSS,38,10,-108.93980022825076,661623.869801786,662697.5629193973,0
105,105,105,2,FHSS,43,9,-108.6644194639085,704779.5820613955,723444.1491143553,0
106,106,106,2,FHSS,28,9,-108.92956417886111,665057.7208908284,659592.3402842237,0
107,107,107,2,FHSS,25,8,-109.67632942661788,726528.3165860967,669850.0085830237,0
108,108,108,2,FHSS,33,12,-106.43296884629996,717358.1714719922,696700.1092937661,0
109,109,109,2,FHSS,40,7,-107.89251646886602,671884.5141939746,718740.203117393,0
110,110,110,2,FHSS,38,9,-109.97765470507272,700181.2301444245,731491.9078505377,0
111,111,111,2,FHSS,34,6,-109.70152167674354,648228.569292241,698046.7301479046,0
112,112,112,2,FHSS,38,13,-110.97028677725498,705040.8166130322,643291.3326403281,0
113,113,113,2,FHSS,40,10,-108.01455392248184,660602.3918807348,670157.0974844544,0
114,114,114,2,FHSS,23,9,-109.84321875986905,715729.0897398395,655696.7954958304,0
115,115,115,2,FHSS,36,11,-108.57374777544408,712250.5262999196,660359.438889594,0
116,116,116,2,FHSS,24,5,-108.27705886427644,690071.8786940705,653703.549183177,0
117,117,117,2,FHSS,25,6,-110.2669960305822,719532.6685356041,722719.7471891845,0
118,118,118,2,FHSS,39,13,-110.0063884144448,669584.5284488376,650600.737297045,0
119,119,119,2,FHSS,27,11,-109.62084142419006,717284.397027081,720411.8614152435,0
120,120,120,2,FHSS,34,13,-108.67759328499864,655892.6152983967,672821.7637109105,0
121,121,121,2,FHSS,29,8,-110.74366121564933,643083.3844140475,679188.5253076417,0
122,122,122,2,FHSS,25,9,-110.3796164627622,660345.6465199242,654411.3465415026,0
123,123,123,2,FHSS,34,9,-108.6209974066885,675446.4743013441,654978.9229524941,0
124,124,124,2,FHSS,37,6,-109.37816133687184,681164.1346360522,729103.7651726084,0
125,125,125,2,FHSS,39,7,-108.3943052927875,681491.5044857671,724732.989656117,0
126,126,126,2,FHSS,20,5,-109.96895148704004,646516.9510358307,695977.8777065187,0
127,127,127,2,FHSS,26,9,-109.04658935815334,652446.8811370198,701915.8762652471,0
128,128,128,2,FHSS,30,8,-108.51898816389568,714655.232765185,716080.361484619,0
129,129,129,2,FHSS,43,18,-108.60268850647176,712760.83361983,718212.9656351875,0
130,130,130,2,FHSS,27,8,-107.96121497565156,718561.6044231458,707747.7131008187,0
131,131,131,2,FHSS,25,6,-108.10889895811442,720318.688593368,672926.7224530804,0
132,132,132,2,FHSS,37,12,-110.4716185152603,690003.5540402666,735386.3593501796,0
133,133,133,2,FHSS,28,6,-108.95106085934412,654877.4150633077,706645.3008397388,0
134,134,134,2,FHSS,33,10,-108.57821486215886,721874.3692181932,671714.3274384275,0
135,135,135,2,FHSS,37,6,-108.74632868087322,664333.8467611338,661266.1207978843,0
136,136,136,2,FHSS,41,11,-108.42004393288052,671900.0701794869,657606.6344582001,0
137,137,137,2,FHSS,32,8,-108.68303110336198,652431.2444894296,683672.1018692094,0
138,138,138,2,FHSS,28,5,-109.42005335080812,684558.425287798,648964.6272928759,0
139,139,139,2,FHSS,37,13,-108.84062838184752,687804.7015018462,651337.2606954662,0
140,140,140,2,FHSS,31,9,-108.39987459049408,655689.1546551302,676186.781091721,0
141,141,141,2,FHSS,33,12,-107.99559121506138,659638.7833834009,671831.6715704994,0
142,142,142,2,FHSS,42,10,-107.25950790640454,665819.9621273646,668138.7221783651,0
143,143,143,2,FHSS,32,11,-109.24508140000692,707398.5644041571,725053.3272183142,0
144,144,144,2,FHSS,35,9,-109.08938875561373,650358.8152879919,692978.259706341,0
145,145,145,2,FHSS,28,11,-110.3180695378831,649568.0596155446,710699.1494813791,0
146,146,146,2,FHSS,34,11,-110.11237189726258,731449.0956460607,702791.752707583,0
147,147,147,2,FHSS,35,16,-111.07307326479116,651046.2042688325,720334.2882594119,0
148,148,148,2,FHSS,32,8,-106.47512682807016,717101.2572417635,698103.6479378362,0
149,149,149,2,FHSS,30,8,-110.36166950388828,661973.8802809364,653238.6428377036,0
150,150,150,2,FHSS,45,9,-108.75361882821704,720484.6505194064,668014.4255169971,0
151,151,151,2,FHSS,33,10,-108.65134077840064,726650.56852966,687548.1919817969,0
152,152,152,2,FHSS,35,12,-108.94715592262249,651986.0120739888,698771.6163147907,0
153,153,153,2,FHSS,34,10,-109.90597412655993,700880.5842049648,647885.5484403104,0
154,154,154,2,FHSS,37,15,-108.59932005573546,725193.7277028514,679751.8863661529,0
155,155,155,2,FHSS,34,6,-108.40992799510916,673802.7899876861,656677.7242429993,0
156,156,156,2,FHSS,32,13,-108.17764888562738,711088.4577520067,717280.032826196,0
157,157,157,2,FHSS,27,5,-109.85712001130082,717771.9227524877,657304.7356075296,0
158,158,158,2,FHSS,38,8,-110.1848379568566,651811.6839303231,713186.7193130458,0
159,159,159,2,FHSS,22,6,-107.04364297795304,681831.2699900948,719455.4040371608,0
160,160,160,2,FHSS,39,9,-110.83820881423654,691158.323303009,737340.4347481882,0
161,161,161,2,FHSS,31,14,-109.98005808808112,666536.2970134402,726351.3988807658,0
162,162,162,2,FHSS,33,5,-110.58825791177676,643321.2168863108,696293.1823496685,0
163,163,163,2,FHSS,26,3,-109.0465020598259,650959.6609879326,696057.9492084191,0
164,164,164,2,FHSS,29,8,-110.37717758464092,650419.0650787371,712825.4725854999,0
165,165,165,2,FHSS,36,8,-107.21890495691969,681956.2145363416,720136.9377679514,0
166,166,166,2,FHSS,42,15,-108.06006664638387,686881.1398349317,724151.4240106636,0
167,167,167,2,FHSS,33,8,-108.3101650898079,660996.4187761011,711270.3307544269,0
168,168,168,2,FHSS,29,12,-111.09243837949148,656830.8383662835,652296.4282199437,0
169,169,169,2,FHSS,48,8,-110.07499406157818,722993.0287709936,717727.3337232417,0
170,170,170,2,FHSS,33,11,-108.59267513322732,698244.7764140534,725377.1819860257,0
171,171,171,2,FHSS,35,11,-106.20721642322924,672994.0825254001,666554.788008408,0
172,172,172,2,FHSS,33,12,-108.88129439667314,656079.8562567356,670572.5711243892,0
173,173,173,2,FHSS,39,9,-108.64009564739168,656901.3423716932,671251.0835740989,0
174,174,174,2,FHSS,31,10,-109.65737790266044,694440.9614133653,647849.4532157988,0
175,175,175,2,FHSS,38,10,-110.41085957084644,650608.4808323169,713475.052453216,0
176,176,176,2,FHSS,37,12,-109.54013685791564,648979.803733893,697854.9059088164,0
177,177,177,2,FHSS,30,10,-109.87966671483396,695467.1606744322,731931.9263320377,0
178,178,178,2,FHSS,34,15,-109.54694451621808,648318.7138001008,693892.2333261034,0
179,179,179,2,FHSS,31,7,-110.96298986897732,725818.8932989138,657134.0839303304,0
180,180,180,2,FHSS,34,8,-109.10619049355434,658463.5793748089,713618.7776679972,0
181,181,181,2,FHSS,24,5,-109.05487977762044,728051.3784825433,683705.8516752848,0
182,182,182,2,FHSS,38,6,-109.94344271144992,698724.2446173825,647158.6738806857,0
183,183,183,2,FHSS,43,16,-109.08087343397176,704768.0100791666,725451.9276761692,0
184,184,184,2,FHSS,27,7,-109.26403786411925,650288.2849704116,697796.3236801757,0
185,185,185,2,FHSS,35,9,-109.06249801550882,698940.9221542301,651496.7981734616,0
186,186,186,2,FHSS,37,9,-107.08865187410971,675638.9022636059,717347.5342711136,0
187,187,187,2,FHSS,35,10,-107.57040718195653,701831.6523446752,719901.284906562,0
188,188,188,2,FHSS,41,10,-109.22660525870606,727436.8714118223,701293.5266712531,0
189,189,189,2,FHSS,28,4,-108.82871892261863,694859.0879217957,727074.3952119141,0
190,190,190,2,FHSS,35,8,-108.68067362129035,660798.673369998,665306.8086488252,0
191,191,191,2,FHSS,37,11,-110.51286035979508,732833.7593410834,705181.8699139489,0
192,192,192,2,FHSS,33,9,-107.29429543858888,718753.4768147112,701908.2387261466,0
193,193,193,2,FHSS,22,9,-108.54849029337711,658852.6961723121,710000.0280827517,0
194,194,194,2,FHSS,37,10,-109.36403572082614,656607.3135803172,713119.8084042456,0
195,195,195,2,FHSS,42,12,-108.5662996832391,705305.8390751139,656084.5658518975,0
196,196,196,2,FHSS,26,12,-107.7531227393688,664666.7784858551,712175.6519093737,0
197,197,197,2,FHSS,26,7,-107.1189995921438,714175.4706391114,670341.5378605474,0
198,198,198,2,FHSS,33,9,-111.22571819572482,738314.203061662,678300.4561747271,0
199,199,199,2,FHSS,35,13,-109.1821015858786,712313.1824043496,657061.8078978676,0
200,200,200,2,FHSS,33,19,-111.73307938056222,668587.5379365548,640492.5952025553,0
201,201,201,2,FHSS,39,15,-109.74512699024854,704397.113382866,728956.5657281979,0
202,202,202,2,FHSS,34,9,-108.42905019117887,660307.5702860494,711179.7179999789,0
203,203,203,2,FHSS,33,9,-108.22526086455544,696484.3801174804,724200.4258150652,0
204,204,204,2,FHSS,36,12,-110.63515035175888,719292.7315930458,725498.25055258,0
205,205,205,2,FHSS,35,11,-110.36430553851024,733742.2335510743,699271.4350470158,0
206,206,206,2,FHSS,39,13,-108.22332074955436,714199.7998473233,664008.4537703078,0
207,207,207,2,FHSS,36,11,-108.3131135070866,701630.6311703416,723127.0527069075,0
208,208,208,2,FHSS,34,9,-110.50037135650688,654162.7398911412,659650.4915574716,0
209,209,209,2,FHSS,29,10,-108.18101956227866,724717.5221871834,688404.7455587124,0
210,210,210,2,FHSS,29,6,-110.51364488982632,673482.1699158316,646041.4909441513,0
211,211,211,2,FHSS,35,10,-108.0180062268037,672935.9263582671,658912.2227398029,0
212,212,212,2,FHSS,34,6,-110.6160991635349,708442.9808420348,646709.9154915531,0
213,213,213,2,FHSS,38,11,-109.46686282101555,718290.1430089602,660369.0567319192,0
214,214,214,2,FHSS,30,8,-108.54308121906725,692693.9043751041,726088.6578283261,0
215,215,215,2,FHSS,31,8,-107.81107449700208,666267.0727300078,664711.7906224357,0
216,216,216,2,FHSS,30,12,-107.47903763716177,721012.4795351897,697329.9894952484,0
217,217,217,2,FHSS,32,6,-110.44280541404956,654873.3066304425,659290.3570138849,0
218,218,218,2,FHSS,32,6,-109.00034121262728,713433.1491032838,658922.8886832773,0
219,219,219,2,FHSS,30,9,-109.32160986285275,652442.7162919132,673423.1915524133,0
220,220,220,2,FHSS,37,14,-109.17437918941845,724763.3220170714,707254.8382684786,0
221,221,221,2,FHSS,37,13,-109.79026431510415,648811.0852784845,702011.2729249315,0
222,222,222,2,FHSS,24,5,-108.59001738212947,726338.252671814,692083.2163765215,0
223,223,223,2,FHSS,33,8,-112.60934671333014,722427.8837181297,738077.6687385543,0
224,224,224,2,FHSS,37,14,-107.9014734417809,698989.9100065364,722244.4350083281,0
225,225,225,2,FHSS,38,14,-109.23492840550747,725705.8266059352,672891.569907754,0
226,226,226,2,FHSS,37,9,-109.03112951564027,671644.9469560611,654745.8229736505,0
227,227,227,2,FHSS,29,9,-109.04331415345834,650713.0729085845,694314.1150486195,0
228,228,228,2,FHSS,32,4,-109.26954713269402,681876.9546125019,650089.6220341964,0
229,229,229,2,FHSS,38,14,-110.12473174540932,715164.8615330047,653514.8794192909,0
230,230,230,2,FHSS,40,15,-108.9944040386702,693873.6309383479,727941.7056401988,0
231,231,231,2,FHSS,46,13,-110.63873021264077,649020.7295855675,713194.2679088528,0
232,232,232,2,FHSS,31,2,-107.4490861029082,684513.4642543336,721505.9128728994,0
233,233,233,2,FHSS,35,9,-108.66831113652536,657935.3757343866,669286.7921209119,0
234,234,234,2,FHSS,32,8,-105.44584598271273,666129.311705351,700480.7672433882,0
235,235,235,2,FHSS,29,9,-110.26883294942824,707703.6261836665,730435.6340065631,0
236,236,236,2,FHSS,30,6,-111.5904575801948,704562.9330922521,739468.2410050617,0
237,237,237,2,FHSS,34,4,-109.96105862580625,698579.3757464191,731784.8729609662,0
238,238,238,2,FHSS,46,13,-110.01037826872862,726312.9911008099,712634.1398850232,0
239,239,239,2,FHSS,37,8,-108.95145730586673,651143.4812833188,684378.842515052,0
240,240,240,2,FHSS,33,7,-108.3729543705788,699900.6143006824,723963.9032617894,0
241,241,241,2,FHSS,24,3,-110.97669024404745,675853.339216353,736219.1583634281,0
242,242,242,2,FHSS,32,7,-108.59669358562029,679905.3319556194,653598.7976881411,0
243,243,243,2,FHSS,37,4,-105.78595154964805,715487.726565104,683188.647582902,0
244,244,244,2,FHSS,35,7,-106.94225969254538,689966.7984373257,658789.833439159,0
245,245,245,2,FHSS,34,7,-110.34861388766453,726858.4117297775,663862.2386927052,0
246,246,246,2,FHSS,22,5,-108.48651454861452,663425.2308284877,663657.9387222098,0
247,247,247,2,FHSS,33,9,-110.08152860748552,645460.9596801207,690342.046375628,0
248,248,248,2,FHSS,35,9,-110.1707401669929,730278.181065796,706802.1829119567,0
249,249,249,2,FHSS,32,9,-109.58823467709256,666150.577307105,723819.3209494198,0
250,250,250,2,FHSS,33,8,-109.65982518129388,692134.3534697775,731198.964108503,0
251,251,251,2,FHSS,36,6,-110.30604468304048,687054.9750537699,644361.560730673,0
252,252,252,2,FHSS,39,11,-108.62474935016944,653151.4693738066,697597.3034872108,0
253,253,253,2,FHSS,46,9,-110.04304261182722,667564.1924114758,651488.1771136153,0
254,254,254,2,FHSS,33,3,-109.06283533404198,722165.987710593,668067.7199020123,0
255,255,255,2,FHSS,31,10,-109.13863716562533,657412.3616115466,666358.3799493155,0
256,256,256,2,FHSS,35,10,-110.3264786643441,730410.4610186836,708480.4645146123,0
257,257,257,2,FHSS,34,13,-110.6443392072932,728788.2194950765,663929.7974345178,0
258,258,258,2,FHSS,36,11,-109.05845471009906,654140.8338136508,706230.6104108569,0
259,259,259,2,FHSS,34,9,-110.16874494184935,695817.5047485973,645472.060565765,0
260,260,260,2,FHSS,39,9,-109.09395450460414,650237.8162486202,691619.5490606162,0
261,261,261,2,FHSS,37,11,-109.34008556200612,683946.6954679878,649419.4820184927,0
262,262,262,2,FHSS,34,11,-110.53028134392864,710532.3814120723,648219.7143436974,0
263,263,263,2,FHSS,36,12,-110.95034454289616,641225.5070754921,695624.6422769089,0
264,264,264,2,FHSS,41,9,-110.0780519047406,726095.2744544348,665220.2890620931,0
265,265,265,2,FHSS,43,15,-110.97466842898174,694177.5141850285,737897.9970610009,0
266,266,266,2,FHSS,27,6,-110.5784890982503,673234.001643192,733057.9699776862,0
267,267,267,2,FHSS,25,9,-110.67304321949668,659040.8564765494,653465.2179576805,0
268,268,268,2,FHSS,38,13,-109.03720002777968,683205.7960587715,727893.7875593738,0
269,269,269,2,FHSS,39,10,-108.3393236702028,665707.5798334052,662355.0460289253,0
270,270,270,2,FHSS,26,6,-109.01649788357824,672040.3832535525,654619.2550176466,0
271,271,271,2,FHSS,36,11,-110.63124685508558,735411.266515338,680624.0312036639,0
272,272,272,2,FHSS,36,18,-109.46517113196865,730065.950414619,694306.0074398981,0
273,273,273,2,FHSS,30,6,-109.5756234740075,670238.2195511479,652636.2462947938,0
274,274,274,2,FHSS,32,11,-109.08379339451577,656991.4346979487,711428.9532642885,0
275,275,275,2,FHSS,29,13,-110.33792624625762,655881.6005153384,658984.4305519135,0
276,276,276,2,FHSS,38,11,-108.77228505135628,692226.4087493458,727114.9730807159,0
277,277,277,2,FHSS,25,10,-110.51209972539192,661048.064204382,652949.698962695,0
278,278,278,2,FHSS,28,5,-110.3264550150532,644482.4145382564,684310.8671228901,0
279,279,279,2,FHSS,48,11,-111.6418611046684,687764.4314770602,636826.1637420435,0
280,280,280,2,FHSS,26,4,-109.09165549858828,684708.1573366848,728353.0670570958,0
281,281,281,2,FHSS,37,10,-108.53673792157949,716583.6280456656,714224.245728473,0
282,282,282,2,FHSS,35,12,-108.2941868080447,660589.3886028162,668202.1886808465,0
283,283,283,2,FHSS,35,10,-110.05313581294838,662931.4571841849,724321.0847577121,0
284,284,284,2,FHSS,40,6,-108.71624715653368,726969.3484870988,688662.8503937614,0
285,285,285,2,FHSS,22,7,-108.18055621507244,708574.8057737373,659743.1974141741,0
286,286,286,2,FHSS,28,9,-109.32436225912664,651533.0313802238,703142.4226774472,0
287,287,287,2,FHSS,33,10,-110.34900945951982,659551.668137051,655298.6072320084,0
288,288,288,2,FHSS,31,10,-108.65322315534868,662785.6422609374,715525.1447670494,0
289,289,289,2,FHSS,34,11,-108.23271355387318,695692.654737326,724383.0219647544,0
290,290,290,2,FHSS,27,8,-110.31722107444538,717251.5410346409,653842.0409469289,0
291,291,291,2,FHSS,26,6,-108.23395546692036,712823.4920440961,716145.2065658318,0
292,292,292,2,FHSS,36,15,-109.40320835021916,657225.1986571446,664569.3683492525,0
293,293,293,2,FHSS,38,9,-109.10728333858818,719041.7062096136,715221.251996876,0
294,294,294,2,FHSS,37,9,-110.14694245404068,733669.2391803762,691145.5194169548,0
295,295,295,2,FHSS,41,9,-109.01620709179024,652078.400834787,700291.2405748499,0
296,296,296,2,FHSS,41,13,-109.6749105845474,723217.3840832728,664573.9115014388,0
297,297,297,2,FHSS,30,11,-111.38775243696364,738326.2837254122,674650.656993164,0
298,298,298,2,FHSS,32,9,-109.62619470151304,675879.5418757258,649951.8701132822,0
299,299,299,2,FHSS,30,8,-110.22494268977668,733686.3472225167,695497.591280687,0
300,300,300,2,FHSS,31,10,-109.12811028861316,650765.1120082985,697031.1097514795,0
301,301,301,2,FHSS,25,5,-110.21278887297936,662025.8092551803,724650.5016327144,0
302,302,302,2,FHSS,34,10,-109.1599828053352,686005.3494562776,728798.8282253747,0
303,303,303,2,FHSS,31,10,-110.56675455148878,677677.0176764597,644430.7787596325,0
304,304,304,2,FHSS,37,15,-108.96975945232307,677333.1255504979,726155.2761855563,0
305,305,305,2,FHSS,34,11,-108.03520063190504,717580.3933997753,709729.8461631824,0
306,306,306,2,FHSS,31,12,-111.4910669072419,720086.6490350154,647788.591976419,0
307,307,307,2,FHSS,26,12,-110.3255046187325,654801.250754227,660319.6435237604,0
308,308,308,2,FHSS,30,10,-108.94995418371283,719874.5638656762,713100.2667582365,0
309,309,309,2,FHSS,32,9,-108.8190656647774,684367.0485929623,727087.997254339,0
310,310,310,2,FHSS,46,13,-108.75332052048046,726004.5256360046,680234.8749047382,0
311,311,311,2,FHSS,38,8,-109.26658785881868,681394.8549436923,728623.0155111743,0
312,312,312,2,FHSS,41,11,-108.99377851058512,696660.2780046008,727512.989892569,0
313,313,313,2,FHSS,35,10,-111.12071883240226,732211.2205426599,664450.3637817096,0
314,314,314,2,FHSS,35,8,-110.31134889869384,672424.2433152999,647590.6714536358,0
315,315,315,2,FHSS,32,12,-110.3342874198634,734652.8765282312,688205.8222295243,0
316,316,316,2,FHSS,33,6,-110.63983534368258,655367.645430969,721638.7353120563,0
317,317,317,2,FHSS,28,5,-108.91494854126611,658244.8738051044,666918.1709755058,0
318,318,318,2,FHSS,35,6,-110.61798820508017,662072.3416818113,651474.9018023347,0
319,319,319,2,FHSS,32,13,-109.35618952789316,652508.9706168382,672873.9900335117,0
320,320,320,2,FHSS,41,9,-105.57347789050476,690130.3035221988,715562.0990791912,0
321,321,321,2,FHSS,30,7,-110.97260751935843,642128.4338584032,701113.1931027903,0
322,322,322,2,FHSS,32,13,-110.041665688103,700572.5521578485,647099.8186739571,0
323,323,323,2,FHSS,48,10,-110.09733704590792,721551.4252406753,659302.6451925725,0
324,324,324,2,FHSS,31,8,-109.99169479092352,670649.1640119281,650156.6526517248,0
325,325,325,2,FHSS,37,11,-107.71977130560283,682608.0222657708,722206.9899063705,0
326,326,326,2,FHSS,35,8,-109.45332966764744,662281.3599783638,720008.4350086838,0
327,327,327,2,FHSS,25,5,-108.11610297672178,681238.3259734617,655319.0498146375,0
328,328,328,2,FHSS,36,7,-108.48147656869446,694233.5092644048,653166.3868622945,0
329,329,329,2,FHSS,37,11,-110.65659796152096,672818.292143996,733351.3847889903,0
330,330,330,2,FHSS,31,8,-109.3062469611226,721989.3599676287,665848.6155822277,0
331,331,331,2,FHSS,24,8,-108.45198812539331,677654.6862132732,654919.396470926,0
332,332,332,2,FHSS,33,11,-108.75560130092664,689160.4005844876,651675.4431200093,0
333,333,333,2,FHSS,34,13,-109.24669747275011,675810.8690949348,651866.9240868425,0
334,334,334,2,FHSS,32,15,-108.90822761965896,714705.3766292293,718310.2202967452,0
335,335,335,2,FHSS,30,9,-108.340220427648,657532.863943073,706082.1850053194,0
336,336,336,2,FHSS,31,13,-109.75219067271335,699896.0001471809,648405.9839204906,0
337,337,337,2,FHSS,38,8,-108.75107902079534,719285.3713440143,666387.6439618672,0
338,338,338,2,FHSS,34,16,-110.1562977524406,674557.1303159962,647633.0944752413,0
339,339,339,2,FHSS,32,10,-108.56011382898626,707970.0687002748,657521.8534569152,0
340,340,340,2,FHSS,34,12,-111.7047893133806,735991.6870272254,664142.1731954458,0
341,341,341,2,FHSS,30,11,-108.90216060443905,727457.4100076124,684372.9408524338,0
342,342,342,2,FHSS,40,11,-107.44219049314546,657398.6555734563,694665.2172020947,0
343,343,343,2,FHSS,34,6,-110.11015025358569,725432.1985783605,714861.4210064346,0
344,344,344,2,FHSS,42,14,-108.935515265763,710091.4614393145,656905.8363106796,0
345,345,345,2,FHSS,29,5,-109.56384366038536,682034.50535652,730165.2193636969,0
346,346,346,2,FHSS,37,8,-109.46857719916429,704194.8985718066,651207.0995066699,0
347,347,347,2,FHSS,35,10,-109.81671954079202,672788.0092323591,728677.2434230901,0
348,348,348,2,FHSS,34,12,-109.6415819258164,704560.7799054757,650465.0923925969,0
349,349,349,2,FHSS,31,8,-111.49569156495994,640431.9352316164,672758.0765150277,0
