,dev_id,set,modulation,pkt_sent,pkt_lost,pkt_rx_power,pos_x,pos_y,pos_z
0,0,1,CSS,892,866,-101.66060020845994,691403.5126010125,672857.6200786434,0
1,1,1,CSS,869,841,-78.70411499114448,690182.4510040195,690312.1747404793,0
2,2,1,CSS,883,862,-95.87527459126329,687447.1879335362,697748.1630617345,0
3,3,1,CSS,932,910,-93.97490976931054,691175.6190543709,696063.1021927674,0
4,4,1,CSS,842,811,-76.29551321939148,688629.0074480103,689854.4801793857,0
5,5,1,CSS,885,873,-114.51338540209531,637409.3389959962,637860.1995946805,0
6,6,1,CSS,892,877,-102.81870369597894,685685.9715433351,708094.1713235585,0
7,7,1,CSS,902,883,-86.39330487575981,689876.1788557296,692248.1685845453,0
8,8,1,CSS,859,842,-114.04356764821821,686529.4370275757,758719.0412712933,0
9,9,1,CSS,886,855,-79.03819077319723,688478.0612762487,690216.8545124929,0
10,10,1,CSS,887,870,-100.64921225872584,680909.4388367307,677247.2775530819,0
11,11,1,CSS,971,942,-79.3464488154228,689175.6049548971,688155.5486387105,0
12,12,1,CSS,895,883,-103.91107229912733,677489.781343345,671393.8758557478,0
13,13,1,CSS,898,865,-85.68709060337669,689764.2202338149,692037.901610007,0
14,14,1,CSS,863,848,-112.29591193414954,640697.2482305476,660346.9970123376,0
15,15,1,CSS,897,883,-95.75107032734866,697847.5251016293,689062.5160122396,0
16,16,1,CSS,902,887,-92.4442460607795,685432.5302902613,693590.3838330401,0
17,17,1,CSS,909,887,-102.75917979444147,696602.7109674654,706911.7310113724,0
18,18,1,CSS,882,861,-94.50841167318917,686471.8448590982,696112.9829804087,0
19,19,1,CSS,867,858,-115.42057888859813,756790.9549533846,734876.9945678827,0
20,20,1,CSS,904,881,-116.0878581272944,731095.3528378645,612164.9743022437,0
21,21,1,CSS,836,816,-93.52956760276372,686160.3971048397,695083.8942675366,0
22,22,1,CSS,894,879,-115.52821231020084,607734.5019447963,679313.4428123573,0
23,23,1,CSS,862,851,-115.22744491943143,711877.9055897475,765667.560331801,0
24,24,1,CSS,918,899,-94.7117315370981,685367.7619413747,695717.6868381823,0
25,25,1,CSS,828,813,-104.73606150579957,702398.1722121586,669518.6152564742,0
26,26,1,CSS,923,888,-77.46653005930946,690099.0563632536,690175.7810399086,0
27,27,1,CSS,928,906,-116.95931846420675,687963.8400477062,786439.1829614687,0
28,28,1,CSS,912,885,-81.08279285962357,687949.5400437579,688865.397267896,0
29,29,1,CSS,874,856,-86.46947402693816,691880.4906771583,687889.8872216983,0
30,30,1,CSS,947,920,-84.45143279310804,688995.9513234586,687149.7059798806,0
31,31,1,CSS,901,890,-108.69176851293136,723574.45063868,704777.0741156123,0
32,32,1,CSS,856,839,-102.29567947139562,683730.3154095554,672396.6769843504,0
33,33,1,CSS,851,826,-82.10819688247186,688484.1966638073,687920.1399249933,0
34,34,1,CSS,889,869,-109.73906739992294,728589.9006112603,705252.5749158147,0
35,35,1,CSS,938,912,-100.2339177226109,701739.724269007,682471.9042579714,0
36,36,1,CSS,843,810,-87.23302668685052,686530.0743489728,688095.9348255534,0
37,37,1,CSS,861,846,-101.05211235364627,702574.0236365157,681141.9943435753,0
38,38,1,CSS,894,864,-97.19952105996471,699193.6304460613,691365.6523803108,0
39,39,1,CSS,842,821,-97.14119689948147,680191.1083750302,693042.3266210651,0
40,40,1,CSS,892,877,-105.27138625004946,677194.8150360499,667293.7198692639,0
41,41,1,CSS,863,832,-81.81989646484881,689498.8164444944,691106.8741286509,0
42,42,1,CSS,958,940,-89.57635377776022,685280.158884067,689783.5914816197,0
43,43,1,CSS,852,826,-93.50009463334868,690763.350013436,683036.8197359784,0
44,44,1,CSS,902,863,-77.50536682878956,688379.5685750747,689348.0142580429,0
45,45,1,CSS,879,866,-91.4746041096104,693251.4519051651,692858.3152757041,0
46,46,1,CSS,894,873,-113.46969412619208,752441.300461085,705014.4051429301,0
47,47,1,CSS,880,843,-80.97715742547278,690049.146172764,690813.7967764034,0
48,48,1,CSS,938,900,-85.43812413544822,687104.8437440951,690557.9982886271,0
49,49,1,CSS,886,874,-101.46853973405999,701541.9953651862,700310.4425724051,0
50,50,2,CSS,74,74,-96.42213499628159,698504.0434248092,690136.4509644386,0
51,51,2,CSS,77,76,-83.57274670006032,691476.6024091684,689636.4223882355,0
52,52,2,CSS,61,61,-114.39007034696442,724665.5468772637,626413.5791693171,0
53,53,2,CSS,58,58,-102.29413583335715,675373.3693587192,700572.8971198299,0
54,54,2,CSS,66,66,-98.96103448223587,695196.9722342005,678648.845671832,0
55,55,2,CSS,69,69,-108.12747283780328,658891.9616368646,672065.5725729512,0
56,56,2,CSS,54,54,-77.87171164805788,688927.1416384142,690374.1625001313,0
57,57,2,CSS,74,72,-80.71804798207305,690787.6426818836,689996.1211806505,0
58,58,2,CSS,69,68,-105.93874354691752,662595.6100392991,694449.2319798586,0
59,59,2,CSS,62,62,-116.48657124753893,779976.9377867809,673817.3687826942,0
60,60,2,CSS,72,68,-79.28898086384937,688896.8154300796,690571.0584809672,0
61,61,2,CSS,53,53,-102.85522873372898,676027.3851718373,675740.5638635205,0
62,62,2,CSS,63,62,-86.47560920373364,687560.5017088448,691647.0045695377,0
63,63,2,CSS,71,69,-92.4456209452681,686227.3980388626,694224.59442815,0
64,64,2,CSS,71,70,-91.37486572663651,691887.7196897941,684950.7042022042,0
65,65,2,CSS,70,70,-113.83469553220927,728237.0345863119,744895.208149514,0
66,66,2,CSS,66,66,-90.17423369047366,685578.9781039518,687162.1603918325,0
67,67,2,CSS,64,62,-91.2762052272604,687444.7313265248,684765.8374915812,0
68,68,2,CSS,70,70,-96.1614905234081,680564.0381057754,689104.4004836633,0
69,69,2,CSS,56,55,-89.49329421470134,688750.7724448891,685356.2627187124,0
70,70,2,CSS,66,66,-101.86948444763709,706246.2380237066,692284.3837817898,0
71,71,2,CSS,59,59,-99.62420187798942,681387.8725587387,678943.8167435749,0
72,72,2,CSS,65,64,-84.92716559071727,691244.6838074208,691003.239954436,0
73,73,2,CSS,59,59,-111.86420401047994,643159.0330990978,661589.6593821815,0
74,74,2,CSS,69,69,-113.22148839220438,689354.3219245686,626307.3443172906,0
75,75,2,CSS,72,72,-98.76869848962238,701159.4916851247,691603.3841975607,0
76,76,2,CSS,71,70,-83.16108819962963,690593.2030380238,691001.4315610838,0
77,77,2,CSS,72,71,-76.28727159008483,690163.1291872006,689901.873161007,0
78,78,2,CSS,50,50,-114.67679091231861,647449.6098970495,627714.3399870287,0
79,79,2,CSS,52,50,-91.56332553186623,693091.505036414,685718.2212840932,0
80,80,2,CSS,64,64,-92.94100162271927,688075.5284958981,695373.1095119687,0
81,81,2,CSS,58,57,-82.77259724991474,688985.0946937059,687564.4776106789,0
82,82,2,CSS,62,61,-79.87837931365824,690148.3543801971,688270.6193522965,0
83,83,2,CSS,57,56,-99.1246527982715,682133.25836625,679308.1253654849,0
84,84,2,CSS,66,66,-108.64527691545715,726425.4501977741,693682.5566741095,0
85,85,2,CSS,66,65,-81.39022187061268,689979.9306774184,690923.7377191118,0
86,86,2,CSS,57,57,-96.02771604075947,694596.7507652292,696417.6924348903,0
87,87,2,CSS,62,62,-77.31123749523212,690091.2773986561,690158.2351265245,0
88,88,2,CSS,60,58,-79.27431978306895,690458.2931889965,690123.651444763,0
89,89,2,CSS,64,62,-76.61312109118131,690193.9001459278,688904.4691393153,0
90,90,2,CSS,54,54,-99.04489662058424,693338.9675969322,701106.4492404886,0
91,91,2,CSS,60,58,-83.73627125155102,690336.848889314,687506.7943114224,0
92,92,2,CSS,70,69,-78.75728234579239,688362.7368678644,688840.2717163021,0
93,93,2,CSS,66,66,-109.23601499702085,712330.6302285522,656772.1508540654,0
94,94,2,CSS,60,59,-88.22413907173429,689606.5328735925,692955.2743099848,0
95,95,2,CSS,82,74,-78.67621449150361,688810.6330983379,688392.275074151,0
96,96,2,CSS,69,69,-109.3332607441369,649080.6947792097,689113.6546090298,0
97,97,2,CSS,48,47,-89.25591539596873,689894.9200046333,693378.9860301792,0
98,98,2,CSS,74,73,-87.95319094900837,687216.1066565857,686761.3813690615,0
99,99,2,CSS,61,61,-93.66575732017085,685755.0444401251,694955.719119727,0
100,100,2,CSS,53,53,-117.24918366550796,728966.3072745873,781616.6796666067,0
101,101,2,CSS,54,54,-107.35248721902418,721494.6872302971,690643.7860191478,0
102,102,2,CSS,57,57,-106.30687747796158,698279.2397831253,662361.8057373062,0
103,103,2,CSS,63,61,-88.1925502591734,692005.2196132556,687007.081846193,0
104,104,2,CSS,60,60,-114.90814578890763,648981.4699863915,624316.411285913,0
105,105,2,CSS,56,55,-89.72765427065576,685222.913128616,689932.9898924557,0
106,106,2,CSS,62,62,-84.40790346139079,687131.7632218907,689215.8547980824,0
107,107,2,CSS,53,53,-111.98010748178683,687500.7349465127,634744.5772690752,0
108,108,2,CSS,64,64,-84.39316215808938,691115.2129262508,687890.8263518628,0
109,109,2,CSS,60,60,-115.71440000656884,605352.8968764129,687429.0257536885,0
110,110,2,CSS,60,60,-97.60180516036289,697639.8705569708,695850.3462758074,0
111,111,2,CSS,57,57,-100.89506176491585,680351.1555661178,701698.3379386599,0
112,112,2,CSS,68,67,-105.68036457462686,677055.5041933914,665984.6859960583,0
113,113,2,CSS,61,61,-117.97424449274959,725137.5660233366,586361.6166326656,0
114,114,2,CSS,48,47,-85.96378337508482,690641.7219309347,686967.0566900288,0
115,115,2,CSS,69,66,-80.30110861250604,688259.3560093939,690251.4804204159,0
116,116,2,CSS,61,61,-113.35434323714321,674183.6900205403,751651.6736268383,0
117,117,2,CSS,59,59,-108.55972005205999,693944.2085982043,726026.3422596672,0
118,118,2,CSS,61,61,-99.92137378640766,701009.6227093823,682219.153400099,0
119,119,2,CSS,57,56,-93.54026109261797,693106.0404381219,684007.277971388,0
120,120,2,CSS,69,69,-97.76580988695491,696738.8040981945,681685.418157061,0
121,121,2,CSS,54,54,-113.42886470918214,724028.3737851663,634835.6433079031,0
122,122,2,CSS,60,60,-114.18888470046323,623872.3424339403,715494.0434739158,0
123,123,2,CSS,65,65,-95.5106989562625,690788.1966117739,697507.9661639768,0
124,124,2,CSS,70,70,-98.43107518392675,696878.74332698,698150.7416228758,0
125,125,2,CSS,70,68,-85.45311738823233,691872.1615690673,688636.669549598,0
126,126,2,CSS,68,64,-86.72543480592091,690238.8483446062,692281.1090776619,0
127,127,2,CSS,54,54,-84.13459205666848,691396.7917173569,688425.8822178427,0
128,128,2,CSS,74,74,-115.22824825853809,734846.7604512683,754653.5140116547,0
129,129,2,CSS,63,63,-87.48911942067328,688788.286629996,692612.645575299,0
130,130,2,CSS,56,56,-109.7328216392905,649754.9330612589,703928.9721874679,0
131,131,2,CSS,57,57,-106.03136011260833,676782.1291795532,664895.5565355833,0
132,132,2,CSS,51,50,-76.5235271478377,689617.8509048652,688511.5752371487,0
133,133,2,CSS,59,57,-81.65013527701217,689625.3433932783,687759.5728952397,0
134,134,2,CSS,77,77,-106.80308010868636,660662.5576922212,698461.367387403,0
135,135,2,CSS,60,60,-99.76561855076511,702444.4018756312,692544.6581311213,0
136,136,2,CSS,52,52,-82.34593219311711,687893.9362621802,690387.4929194571,0
137,137,2,CSS,59,59,-99.87952258149474,700989.555622804,682311.5948546149,0
138,138,2,CSS,68,67,-87.83458888001324,692803.524726329,689510.496555915,0
139,139,2,CSS,69,68,-80.07567305577003,690679.4262628127,688844.4632157153,0
140,140,2,CSS,62,62,-94.65176798147846,681982.8881120674,689830.127000437,0
141,141,2,CSS,56,55,-87.3355888932706,687171.5172036499,691703.0538260157,0
142,142,2,CSS,62,62,-87.84470241723852,686022.5300831615,689157.5214605301,0
143,143,2,CSS,63,63,-96.97294165809807,686103.8759225003,698550.1686577251,0
144,144,2,CSS,63,62,-99.2737724334467,677037.7858992877,692122.6158204741,0
145,145,2,CSS,65,64,-89.0558131639422,691167.3947835971,692900.2165688429,0
146,146,2,CSS,59,59,-102.60294425155568,674333.2230307409,678547.8938699531,0
147,147,2,CSS,54,54,-81.31717357837752,688514.0055361756,688082.8843803721,0
148,148,2,CSS,68,68,-99.51179353755285,680067.0783123714,698476.2908195928,0
149,149,2,CSS,62,61,-89.27941802729892,686156.261193039,687071.6677968882,0
150,150,2,CSS,77,76,-96.29357396056557,681734.7246780469,694086.1918978457,0
151,151,2,CSS,57,56,-79.9791567405244,688140.0812281456,689932.7459278852,0
152,152,2,CSS,58,58,-95.70272549550286,681014.2109897822,689378.2218086041,0
153,153,2,CSS,54,53,-117.13462072714239,717761.7121190792,784282.8781689182,0
154,154,2,CSS,57,57,-114.1782250504254,618962.7130891414,690105.3001305143,0
155,155,2,CSS,55,55,-114.25993478874537,756710.2535545203,666421.4004477083,0
156,156,2,CSS,59,57,-92.96794804088528,683721.5807591493,691689.8337946481,0
157,157,2,CSS,75,72,-84.9386314482882,691815.0043343615,689044.9692704926,0
158,158,2,CSS,56,56,-111.13721248755456,700311.3368517645,640981.5066887449,0
159,159,2,CSS,66,66,-112.32597327310376,720298.6941820161,641598.3830423905,0
160,160,2,CSS,58,58,-107.34327164676895,707519.0367916976,715883.5626726561,0
161,161,2,CSS,63,62,-85.86731279007046,692108.5254520061,689195.5851523071,0
162,162,2,CSS,77,77,-85.30322824220666,690912.2598002623,687367.1577745617,0
163,163,2,CSS,65,65,-115.69213844732144,715120.4517438893,609582.6147024261,0
164,164,2,CSS,63,62,-89.12840539085443,688222.9705447837,685655.2913249936,0
165,165,2,CSS,50,50,-102.78380348984147,670453.6448346277,690217.5455391232,0
166,166,2,CSS,58,58,-103.44550696498384,709222.958981859,694585.2763131608,0
167,167,2,CSS,67,66,-79.59764343911873,690652.6856906192,689843.3627983271,0
168,168,2,CSS,69,68,-96.64597604055629,690600.2046084122,698695.2175122229,0
169,169,2,CSS,52,52,-86.6399572847777,692348.9578387415,689068.4205799872,0
170,170,2,CSS,55,55,-83.36104523836705,691258.2518729689,688574.4751465841,0
171,171,2,CSS,77,77,-108.18929662777562,658358.9432602703,672507.9593601825,0
172,172,2,CSS,71,71,-97.16634944498898,679559.5054949968,690719.1795022762,0
173,173,2,CSS,68,68,-96.79911709652248,686130.6923272688,698354.9888441007,0
174,174,2,CSS,67,65,-77.21598556321123,688649.4852597195,690058.3643637453,0
175,175,2,CSS,69,69,-110.80010946841296,694338.3216469492,641914.5378640365,0
176,176,2,CSS,44,44,-99.1553657626312,678385.8234279064,683530.5789199003,0
177,177,2,CSS,66,65,-99.10496024797351,694560.953809142,700716.3166911373,0
178,178,2,CSS,55,55,-96.14557740038376,683188.8616027879,695684.8445768225,0
179,179,2,CSS,58,57,-110.72852099313056,662280.1990952976,728228.9569625977,0
180,180,2,CSS,61,59,-83.85959905140152,688976.6736215721,691514.257348129,0
181,181,2,CSS,72,72,-111.60798468956504,642522.4263418025,712816.8002292828,0
182,182,2,CSS,57,57,-116.1577706024928,606979.1521380898,657246.5005475131,0
183,183,2,CSS,54,52,-79.89797518545517,690650.8186045558,689972.5596090715,0
184,184,2,CSS,67,67,-92.68759993706271,695319.9020962501,688863.9201970391,0
185,185,2,CSS,47,47,-98.93938427475956,700091.8126398887,683539.0970128209,0
186,186,2,CSS,53,53,-102.73162539111632,697656.8926582573,672448.1765032111,0
187,187,2,CSS,86,85,-112.40626568247833,743839.4111252688,671023.3912744464,0
188,188,2,CSS,67,65,-80.12797058521387,690743.2063893212,689833.4631642511,0
189,189,2,CSS,70,68,-84.21516853718853,689060.7486364299,691620.7893662842,0
190,190,2,CSS,57,56,-90.55378594112457,685100.239547547,691132.0402277821,0
191,191,2,CSS,65,65,-102.386158920828,707416.8809546706,691489.2964639151,0
192,192,2,CSS,54,54,-93.37742127739078,686171.0657927546,683863.0897142671,0
193,193,2,CSS,66,66,-112.19295238615183,633447.9350947391,686171.5117967622,0
194,194,2,CSS,59,59,-102.28757662897806,673488.6355698976,681186.8941257423,0
195,195,2,CSS,58,58,-116.79513859819332,778623.2750194725,722703.5717736521,0
196,196,2,CSS,60,60,-113.53866181591115,725012.2524105565,634489.9056134563,0
197,197,2,CSS,61,61,-112.2779328482652,663192.763884613,739581.2757245186,0
198,198,2,CSS,62,60,-95.95755349646605,683422.308348499,695648.274697366,0
199,199,2,CSS,61,61,-115.5539821943483,715278.5731057872,611026.1265686258,0
200,200,2,CSS,46,46,-86.53510004513416,688699.6929856932,692245.4826236537,0
201,201,2,CSS,67,66,-79.9349987230326,689830.0529102132,688109.9411769898,0
202,202,2,CSS,74,73,-100.29689529930266,689497.186586551,703661.0732465943,0
203,203,2,CSS,63,63,-113.76516901346415,622897.0899898112,679975.6570574815,0
204,204,2,CSS,51,48,-78.93243341338308,690351.60129481,690184.6171274749,0
205,205,2,CSS,56,56,-109.72879776135875,727613.359982049,707363.8065810591,0
206,206,2,CSS,60,60,-116.33184509636823,770688.5703069577,728701.2158869928,0
207,207,2,CSS,63,63,-89.4047330546188,685646.24889249,687873.8668789492,0
208,208,2,CSS,68,66,-91.00186706986048,694298.0512177073,689356.7692772151,0
209,209,2,CSS,58,57,-98.26452365955201,697382.7853481034,681434.2268976946,0
210,210,2,CSS,70,67,-93.23078176646935,690846.2426254709,695562.920604931,0
211,211,2,CSS,54,54,-116.81748175516941,604903.2325965456,644998.9411419305,0
212,212,2,CSS,63,63,-110.71566851163286,676485.844029912,734899.7527940087,0
213,213,2,CSS,62,60,-107.23900569312309,664424.1826477183,669918.603052276,0
214,214,2,CSS,61,61,-117.07263328403445,592249.9714641294,704418.4842342939,0
215,215,2,CSS,52,52,-104.11961264415095,688621.1213726754,667296.1465234692,0
216,216,2,CSS,55,55,-93.82429818682068,683480.4846874449,686158.4761769823,0
217,217,2,CSS,49,49,-106.25140560203339,717272.9413723511,694282.6231677359,0
218,218,2,CSS,69,68,-106.86110974307095,685364.1109557414,659340.6847018334,0
219,219,2,CSS,48,44,-81.88391505690834,690886.2289175193,690277.1543782707,0
220,220,2,CSS,70,69,-107.58505317152942,658727.2020949381,701498.0261671199,0
221,221,2,CSS,62,62,-108.7469964387638,727093.006576953,690543.5746219171,0
222,222,2,CSS,55,54,-94.91398154176437,684210.0308513336,695045.4829988718,0
223,223,2,CSS,55,55,-101.62506129512015,705257.1652095445,694372.6568091059,0
224,224,2,CSS,73,73,-108.90119495615632,651390.28288021,684213.9854175259,0
225,225,2,CSS,69,68,-77.33998261590654,690075.9016300861,690176.3918129592,0
226,226,2,CSS,75,75,-115.04954844155145,739179.201970744,749321.8294263079,0
227,227,2,CSS,53,53,-77.96408545515727,690344.3283806124,688849.1503196321,0
228,228,2,CSS,77,77,-115.71636548040237,711407.7549614856,770583.8768010949,0
229,229,2,CSS,63,62,-84.01893448326298,689000.4400406017,691559.5187094266,0
230,230,2,CSS,57,56,-116.17532270145148,776028.5260305216,708349.7466332667,0
231,231,2,CSS,71,70,-94.16069907708822,696204.828927133,691221.6418647121,0
232,232,2,CSS,51,51,-80.43087459850635,688539.023445498,690565.9895465778,0
233,233,2,CSS,76,76,-86.73300814479022,689633.6032952904,692392.422522564,0
234,234,2,CSS,58,57,-98.62992572781133,682139.7125397131,698656.0031483566,0
235,235,2,CSS,82,82,-105.47640004246989,714988.8317951785,685532.433103548,0
236,236,2,CSS,61,61,-110.62399124469843,715602.4298199434,650634.9347095713,0
237,237,2,CSS,76,73,-80.2071461190773,688089.7933471238,689904.5563957782,0
238,238,2,CSS,47,47,-86.81436666738541,691977.6381477849,690998.3964349461,0
239,239,2,CSS,67,66,-101.90647133327136,687395.4522244212,672378.2706744103,0
240,240,2,CSS,53,52,-99.39874827502696,677781.8561377351,694878.7770406933,0
241,241,2,CSS,68,66,-76.57578431087703,689601.8821537277,688502.3598323102,0
242,242,2,CSS,74,71,-95.22906025002803,697354.0416918152,689050.6562151748,0
243,243,2,CSS,48,48,-97.28470033025293,680189.8070412806,693468.2544182016,0
244,244,2,CSS,62,62,-112.07750318853553,700756.0817107542,743551.69385677,0
245,245,2,CSS,55,55,-116.81466069765452,614819.3858841782,629878.0969140716,0
246,246,2,CSS,60,59,-104.39703231197296,682902.8174168527,667510.4182763766,0
247,247,2,CSS,65,65,-86.18867287302199,686625.4385431273,689766.1365456647,0
248,248,2,CSS,74,73,-92.96656355195424,695341.2121709614,687867.2429948244,0
249,249,2,CSS,60,60,-116.3326400897231,691949.5903775014,599162.3875909245,0
250,250,2,CSS,54,54,-87.375554299809,687175.8184037314,691727.82770112,0
251,251,2,CSS,53,52,-107.65863906409908,709944.4402613101,663247.0094274057,0
252,252,2,CSS,74,74,-104.94674296120088,701371.2189183559,668212.4112099372,0
253,253,2,CSS,76,75,-78.1211542241977,690508.2059271219,689247.8339597675,0
254,254,2,CSS,60,60,-93.39455632910457,685502.7084949479,684295.8345655277,0
255,255,2,CSS,72,71,-78.66988131512743,688461.1858217937,690113.8914528033,0
256,256,2,CSS,71,70,-105.1278748706198,703139.1046197888,668693.9274508537,0
257,257,2,CSS,66,65,-94.73614986510047,684681.5948250542,683573.9428447714,0
258,258,2,CSS,57,57,-78.2528493991655,690368.8157306007,690003.4167859674,0
259,259,2,CSS,69,68,-85.9762324438128,688493.5375844605,686828.8900234038,0
260,260,2,CSS,69,69,-89.84922102513244,692875.971024216,686898.5968241025,0
261,261,2,CSS,56,55,-106.18460908298832,680839.9255351047,716138.2637178383,0
262,262,2,CSS,59,59,-95.86140252636721,696523.5567889792,694158.885466846,0
263,263,2,CSS,42,41,-106.09299931780305,661769.9754845898,692120.1962787497,0
264,264,2,CSS,64,64,-115.69855961154792,680342.0344104377,772847.8495152913,0
265,265,2,CSS,69,69,-105.61377875465236,695015.7840311531,663732.9104954796,0
266,266,2,CSS,74,72,-97.33818253937447,679591.9977919671,691928.2364787483,0
267,267,2,CSS,75,74,-79.56113162223708,690621.9425320033,688913.1381490015,0
268,268,2,CSS,72,70,-89.09959799579748,688322.4111524607,693183.154767475,0
269,269,2,CSS,59,56,-85.80317020233767,687660.4157450426,687373.5653794537,0
270,270,2,CSS,71,70,-104.28937933234135,686676.3007174459,711810.4028446025,0
271,271,2,CSS,57,57,-76.05248421788315,689901.0146499381,690134.9399513587,0
272,272,2,CSS,53,52,-83.11014211173963,687962.9117369252,688075.2161575188,0
273,273,2,CSS,67,66,-76.66654248747248,690336.8955146316,689259.3910925972,0
274,274,2,CSS,75,73,-87.51920825027757,688016.0053200995,686450.2135344278,0
275,275,2,CSS,59,59,-114.89788200545576,621579.12916491,724862.7837988819,0
276,276,2,CSS,65,65,-105.29425863193939,714562.1525219781,686377.8708386654,0
277,277,2,CSS,54,54,-116.68654387903825,722961.563430734,601560.7211777122,0
278,278,2,CSS,59,59,-76.68825442841694,689473.2812894749,688472.4902241365,0
279,279,2,CSS,52,51,-89.36847833874917,687764.0071560284,685711.530389213,0
280,280,2,CSS,70,68,-101.98046473624032,703049.3907864093,700051.7518273625,0
281,281,2,CSS,70,70,-109.68959522102905,682461.9667225401,730852.8117688037,0
282,282,2,CSS,73,70,-100.21113730053744,697810.0220714586,678072.6662334723,0
283,283,2,CSS,55,55,-105.27195122296905,712730.3069126009,699142.5074125049,0
284,284,2,CSS,63,63,-103.58331619311579,702402.5719994996,673162.1859832824,0
285,285,2,CSS,56,56,-100.41114697063156,698705.6590541886,700460.6389443845,0
286,286,2,CSS,71,68,-100.08759180188247,681965.8904770158,677659.931337882,0
287,287,2,CSS,50,50,-112.30872502923293,701861.226353244,744838.8373780658,0
288,288,2,CSS,65,64,-100.33873639059263,703722.9783892418,689863.9847117366,0
289,289,2,CSS,55,53,-93.55377165039819,683563.7379741818,692376.9035625546,0
290,290,2,CSS,66,64,-90.82032438140033,692430.5307912691,693124.5886205635,0
291,291,2,CSS,59,59,-116.26166048774797,639474.6855009291,763744.5885686744,0
292,292,2,CSS,67,67,-104.08171641318523,667381.2443813194,689766.1092777577,0
293,293,2,CSS,72,72,-78.80506554970104,690608.1632603031,689326.4598553565,0
294,294,2,CSS,66,64,-86.51904954179584,688362.7352984991,686688.8894170462,0
295,295,2,CSS,52,51,-93.93515304597034,683311.6747408477,692530.4495335182,0
296,296,2,CSS,59,58,-95.55045994169787,682715.1106783595,684589.8976538606,0
297,297,2,CSS,48,47,-108.04626090930888,696487.2761836369,655361.4367788173,0
298,298,2,CSS,66,66,-100.80132959868664,704100.3358737951,692919.0939187834,0
299,299,2,CSS,50,49,-78.28562570844943,688335.9031501606,689061.5089317772,0
300,300,2,CSS,57,57,-109.05050164832045,728226.0782813762,693591.9152319654,0
301,301,2,CSS,68,67,-116.17160709518268,712116.31907358,603742.9336577137,0
302,302,2,CSS,65,65,-116.2626282281766,774823.0622321276,716349.5341732389,0
303,303,2,CSS,59,59,-77.47111785321992,690053.2810004677,688606.6957771602,0
304,304,2,CSS,69,69,-103.35490512270644,698516.1021677924,707514.2450204105,0
305,305,2,CSS,49,49,-113.45865175124052,733094.3002541716,737341.6540193439,0
306,306,2,CSS,63,62,-114.50615427685727,692553.3928158204,762505.8921200342,0
307,307,2,CSS,56,56,-115.79466360768276,616962.3408302655,645220.9874685272,0
308,308,2,CSS,63,57,-76.38494960557709,688819.5337526179,688721.6737747745,0
309,309,2,CSS,57,57,-111.65085281290834,684299.2131211701,741827.4327521129,0
310,310,2,CSS,59,59,-94.41100850969771,690343.9690478028,696587.1421117685,0
311,311,2,CSS,64,64,-115.89939471653159,676104.6418298472,774265.4907690992,0
312,312,2,CSS,45,45,-98.01955950863467,700008.3004508489,692221.792333045,0
313,313,2,CSS,62,60,-81.34928600277378,688306.7375385889,688241.3176517418,0
314,314,2,CSS,58,58,-115.0749153674584,766549.9947015152,677110.8840321646,0
315,315,2,CSS,55,53,-77.71827208461004,688570.1952755585,690054.8304649339,0
316,316,2,CSS,61,60,-83.09797913403402,690412.8940473805,687717.8870102285,0
317,317,2,CSS,67,67,-106.86887883275419,689834.0704041723,719776.6141209295,0
318,318,2,CSS,60,59,-101.47405437751793,677288.6386517276,700335.521943099,0
319,319,2,CSS,54,52,-87.87587233015746,687620.611570805,686508.6467835238,0
320,320,2,CSS,53,50,-94.59010508888913,693415.9320630748,683203.5312356767,0
321,321,2,CSS,55,53,-77.84008199392098,690000.4027354012,688513.2390762997,0
322,322,2,CSS,70,70,-94.53775424566658,695305.6211940735,693789.5515972528,0
323,323,2,CSS,52,50,-83.98895365778317,689506.1509438525,687233.22089883,0
324,324,2,CSS,56,56,-108.88545929913649,673900.7183081587,724435.1222544038,0
325,325,2,CSS,57,57,-116.17226253982096,711760.630560558,775179.4594141055,0
326,326,2,CSS,64,64,-117.87924933896937,665265.1816967891,584267.4288959833,0
327,327,2,CSS,53,52,-97.99920573943157,690709.1403715598,678550.2389013219,0
328,328,2,CSS,63,61,-86.08279251520345,691670.9169636692,687802.1719347729,0
329,329,2,CSS,88,87,-107.4602579181401,673314.1795696865,717654.1698807798,0
330,330,2,CSS,57,56,-115.52066897829718,607684.4813685813,698468.2184069116,0
331,331,2,CSS,53,52,-91.69510645743343,690808.6661391545,684305.4415509106,0
332,332,2,CSS,62,61,-102.68493571487423,688071.2157165158,708122.8470744597,0
333,333,2,CSS,60,60,-95.66364013086039,684917.2608151262,696459.5281642852,0
334,334,2,CSS,70,68,-79.73453994385085,688285.6651174795,690130.5153252223,0
335,335,2,CSS,66,64,-100.65958090426666,674622.5713505351,687975.2107038518,0
336,336,2,CSS,70,68,-95.22122051263176,696752.9751928322,686377.3328478938,0
337,337,2,CSS,60,59,-91.18562363822866,689736.2919761626,684429.7608452736,0
338,338,2,CSS,72,71,-79.33987757209484,688387.3368689254,688648.6248255376,0
339,339,2,CSS,65,62,-79.53433993722156,688758.839245321,690541.6599490875,0
340,340,2,CSS,53,53,-98.05305094159127,680371.9203800253,683131.7545055614,0
341,341,2,CSS,76,74,-101.32075248706263,694747.4018218566,704529.980858449,0
342,342,2,CSS,58,57,-80.0254945682974,688650.9353271294,688257.7431459574,0
343,343,2,CSS,45,45,-117.99993828963886,798483.0975245838,697743.2133374119,0
344,344,2,CSS,53,52,-86.80538342183723,686578.1726235491,688379.6276837182,0
345,345,2,CSS,59,58,-77.73497395410818,688422.9833486209,689797.8003931048,0
346,346,2,CSS,65,62,-83.00054769130702,687578.9605928413,690065.3630088856,0
347,347,2,CSS,69,66,-76.47124969652603,689343.6250973766,688496.1112285252,0
348,348,2,CSS,74,72,-77.47722690438337,689965.0981546768,688542.7277447873,0
349,349,2,CSS,57,57,-81.0209136113785,688805.6885367727,687985.2659088243,0
